-4 0.000133830225764885
-3.9 0.000198655471392773
-3.8 0.00029194692579146
-3.7 0.000424780270550751
-3.6 0.000611901930113772
-3.5 0.00087268269504576
-3.4 0.00123221916847302
-3.3 0.00172256893905368
-3.2 0.00238408820146484
-3.1 0.00326681905619992
-3 0.00443184841193801
-2.9 0.00595253241977585
-2.8 0.00791545158297997
-2.7 0.0104209348144226
-2.6 0.0135829692336856
-2.5 0.0175283004935685
-2.4 0.0223945302948429
-2.3 0.0283270377416012
-2.2 0.0354745928462314
-2.1 0.0439835959804272
-2 0.0539909665131881
-1.9 0.0656158147746766
-1.8 0.0789501583008942
-1.7 0.094049077376887
-1.6 0.110920834679456
-1.5 0.129517595665892
-1.4 0.149727465635745
-1.3 0.171368592047807
-1.2 0.194186054983213
-1.1 0.217852177032551
-1 0.241970724519143
-0.9 0.266085249898755
-0.8 0.289691552761483
-0.7 0.312253933366761
-0.6 0.3332246028918
-0.5 0.3520653267643
-0.4 0.368270140303323
-0.3 0.381387815460524
-0.2 0.391042693975456
-0.0999999999999996 0.396952547477012
0 0.398942280401433
0.100000000000001 0.396952547477012
0.2 0.391042693975456
0.3 0.381387815460524
0.4 0.368270140303323
0.5 0.3520653267643
0.600000000000001 0.3332246028918
0.7 0.312253933366761
0.800000000000001 0.289691552761483
0.9 0.266085249898755
1 0.241970724519143
1.1 0.21785217703255
1.2 0.194186054983213
1.3 0.171368592047807
1.4 0.149727465635745
1.5 0.129517595665892
1.6 0.110920834679455
1.7 0.0940490773768869
1.8 0.0789501583008941
1.9 0.0656158147746766
2 0.0539909665131881
2.1 0.0439835959804272
2.2 0.0354745928462314
2.3 0.0283270377416011
2.4 0.0223945302948429
2.5 0.0175283004935685
2.6 0.0135829692336856
2.7 0.0104209348144226
2.8 0.00791545158297995
2.9 0.00595253241977585
3 0.00443184841193801
3.1 0.00326681905619992
3.2 0.00238408820146484
3.3 0.00172256893905368
3.4 0.00123221916847302
3.5 0.00087268269504576
3.6 0.000611901930113771
3.7 0.000424780270550751
3.8 0.00029194692579146
3.9 0.000198655471392772
4 0.000133830225764885
