-1.8 0.000133830225764885
-1.7 0.000198655471392773
-1.6 0.00029194692579146
-1.5 0.000424780270550751
-1.4 0.000611901930113772
-1.3 0.00087268269504576
-1.2 0.00123221916847302
-1.1 0.00172256893905368
-1 0.00238408820146484
-0.9 0.00326681905619992
-0.8 0.00443184841193801
-0.7 0.00595253241977585
-0.6 0.00791545158297997
-0.5 0.0104209348144226
-0.4 0.0135829692336856
-0.3 0.0175283004935685
-0.2 0.0223945302948429
-0.1 0.0283270377416012
0 0.0354745928462314
0.1 0.0439835959804272
0.2 0.0539909665131881
0.3 0.0656158147746766
0.4 0.0789501583008942
0.5 0.094049077376887
0.6 0.110920834679456
0.7 0.129517595665892
0.8 0.149727465635745
0.7 0.171368592047807
0.8 0.194186054983213
0.9 0.217852177032551
1 0.241970724519143
1.1 0.266085249898755
1.2 0.289691552761483
1.3 0.312253933366761
1.4 0.3332246028918
1.5 0.3520653267643
1.6 0.368270140303323
1.7 0.381387815460524
1.8 0.391042693975456
1.9 0.396952547477012
2 0.398942280401433
2.100000000000001 0.396952547477012
2.2 0.391042693975456
2.3 0.381387815460524
2.4 0.368270140303323
2.5 0.3520653267643
2.600000000000001 0.3332246028918
2.7 0.312253933366761
2.800000000000001 0.289691552761483
2.9 0.266085249898755
3 0.241970724519143
3.1 0.21785217703255
3.2 0.194186054983213
3.3 0.171368592047807
3.4 0.149727465635745
3.5 0.129517595665892
3.6 0.110920834679455
3.7 0.0940490773768869
3.8 0.0789501583008941
3.9 0.0656158147746766
4 0.0539909665131881
4.1 0.0439835959804272
4.2 0.0354745928462314
4.3 0.0283270377416011
4.4 0.0223945302948429
4.5 0.0175283004935685
4.6 0.0135829692336856
4.7 0.0104209348144226
4.8 0.00791545158297995
4.9 0.00595253241977585
4 0.00443184841193801
5.1 0.00326681905619992
5.2 0.00238408820146484
5.3 0.00172256893905368
5.4 0.00123221916847302
5.5 0.00087268269504576
5.6 0.000611901930113771
5.7 0.000424780270550751
5.8 0.00029194692579146
5.9 0.000198655471392772
6 0.000133830225764885
